1 0.0 42.7 31.2 0.0 41.8 41.8 63.5 68.4 60.8 66.0 75.8 76.8 76.8 31.2 31.2 31.2 20.8 31.2 35.2 68.4 68.4 68.7 62.6 68.4 31.2 35.4 32.3 34.8 31.2 43.7 68.7 65.4 63.9 41.8 42.7 31.2 
2 0.0 1.4 3.3 0.0 0.0 0.0 2.0 2.1 2.8 2.3 2.7 2.4 2.0 3.3 3.3 3.3 2.2 3.3 3.2 2.1 2.1 2.3 3.1 2.1 3.3 3.2 3.3 3.2 3.3 3.1 2.3 2.6 2.7 0.0 1.4 3.3
3 0.0 0.0 44.1 0.0 0.0 0.0 0.0 0.0 0.0 0.0 0.0 0.0 0.0 100.0 100.0 100.0 66.7 100.0 79.5 0.0 0.0 0.0 0.0 0.0 100.0 90.6 97.0 90.2 100.0 63.8 0.0 3.5 6.3 0.0 0.0 44.1
4 0.0 0.0 10.0 0.0 0.0 0.0 0.0 0.0 0.0 0.0 0.0 0.0 0.0 10.0 10.0 10.0 40.0 10.0 9.1 0.0 0.0 0.0 0.0 0.0 10.0 9.1 9.7 9.0 10.0 6.4 0.0 0.4 0.7 0.0 0.0 10.0
5 0.0 9.7 6.8 0.0 0.0 100.0 39.3 8.1 16.3 10.8 5.2 5.2 5.2 6.8 6.8 6.8 4.6 6.8 6.7 8.1 8.1 7.3 8.1 8.1 6.8 6.7 6.9 6.9 6.8 7.2 7.3 7.6 7.6 0.0 9.7 6.8 
6 0.0 7.8 5.5 0.0 0.0 0.0 38.8 7.2 15.2 9.8 4.5 4.5 4.5 5.5 5.5 5.5 3.7 5.5 5.4 7.2 7.2 6.3 7.0 7.2 5.5 5.4 5.6 5.6 5.5 5.9 6.3 6.5 6.5 0.0 7.8 5.5
7 0.0 11.4 8.2 0.0 0.0 0.0 3.0 14.2 34.9 20.9 8.2 8.3 8.3 8.2 8.2 8.2 5.4 8.2 8.2 14.2 14.2 11.9 12.6 14.2 8.2 8.2 8.3 8.5 8.2 9.6 11.9 12.0 11.9 0.0 11.4 8.2
8 0.0 6.8 5.1 0.0 0.0 0.0 1.8 3.6 52.2 84.6 2.6 2.7 2.7 5.1 5.1 5.1 3.4 5.1 4.9 100.0 100.0 73.0 67.3 100.0 5.1 4.9 7.2 11.8 5.1 28.7 73.0 68.8 65.8 0.0 6.8 5.1
9 0.0 1.7 1.4 0.0 0.0 0.0 0.5 0.9 1.0 32.9 0.7 0.7 0.7 1.4 1.4 1.4 0.9 1.4 1.3 0.9 0.9 0.9 1.1 0.9 1.4 1.3 1.4 1.3 1.4 1.2 0.9 1.0 1.0 0.0 1.7 1.4
10 0.0 0.1 0.1 0.0 0.0 0.0 0.0 0.1 0.1 0.1 0.0 0.0 0.0 0.1 0.1 0.1 0.1 0.1 0.1 0.1 0.1 0.1 0.1 0.1 0.1 0.1 0.1 0.1 0.1 0.1 0.1 0.1 0.1 0.0 0.1 0.1 
11 0.0 0.0 0.9 0.0 0.0 0.0 0.0 0.0 0.0 0.0 0.0 0.0 0.0 0.9 0.9 0.9 0.6 0.9 7.2 0.0 0.0 0.0 0.0 0.0 0.9 0.8 0.8 0.8 0.9 0.5 0.0 0.0 0.6 0.0 0.0 0.9
12 0.0 0.0 0.3 0.0 0.0 0.0 0.0 0.0 0.0 0.0 0.0 0.0 0.0 0.3 0.3 0.3 0.2 0.3 2.9 0.0 0.0 0.0 0.0 0.0 0.3 9.7 0.3 0.3 0.3 0.2 0.0 0.0 0.2 0.0 0.0 0.3
13 0.0 0.0 0.4 0.0 0.0 0.0 0.0 0.0 0.0 0.0 0.0 0.0 0.0 0.4 0.4 0.4 0.2 0.4 0.3 0.0 0.0 0.0 0.0 0.0 0.4 0.3 0.4 0.3 0.4 0.2 0.0 0.0 0.0 0.0 0.0 0.4
14 0.0 0.0 24.7 0.0 0.0 0.0 0.0 0.0 0.0 0.0 0.0 0.0 0.0 24.7 24.7 24.7 16.5 24.7 22.5 0.0 0.0 0.0 0.0 0.0 81.2 68.7 73.0 60.5 77.4 48.0 0.0 0.9 1.8 0.0 0.0 24.7
15 0.0 0.0 5.2 0.0 0.0 0.0 0.0 0.0 0.0 0.0 0.0 0.0 0.0 5.2 5.2 5.2 3.5 5.2 8.8 0.0 0.0 0.0 0.0 0.0 26.0 18.6 24.1 42.1 15.0 15.9 0.0 0.2 0.7 0.0 0.0 5.2 
16 0.0 0.0 5.6 0.0 0.0 0.0 0.0 0.0 0.0 0.0 0.0 0.0 0.0 5.6 5.6 5.6 3.7 5.6 56.6 0.0 0.0 0.0 0.0 0.0 5.6 5.0 16.2 5.0 5.6 10.6 0.0 0.2 4.5 0.0 0.0 5.6
17 0.0 0.0 6.9 0.0 0.0 0.0 0.0 0.0 0.0 0.0 0.0 0.0 0.0 6.9 6.9 6.9 4.6 6.9 6.3 0.0 0.0 0.0 0.0 0.0 6.9 6.2 6.7 6.2 6.9 4.4 0.0 0.2 0.5 0.0 0.0 6.9
18 0.0 0.0 1.0 0.0 0.0 0.0 0.0 0.0 0.0 0.0 0.0 0.0 0.0 1.0 1.0 1.0 0.7 1.0 12.4 0.0 0.0 0.0 0.0 0.0 4.1 15.3 1.4 0.9 20.5 0.9 0.0 3.5 1.0 0.0 0.0 1.0
19 0.0 0.0 0.4 0.0 0.0 0.0 0.0 0.0 0.0 0.0 0.0 0.0 0.0 0.4 0.4 0.4 0.3 0.4 3.8 0.0 0.0 0.0 0.0 0.0 0.4 0.4 0.4 0.4 0.4 0.3 0.0 0.0 7.9 0.0 0.0 0.4
20 0.0 0.0 0.0 0.0 0.0 0.0 0.0 0.0 0.0 0.0 0.0 0.0 0.0 0.0 0.0 0.0 0.0 0.0 0.0 0.0 0.0 0.0 0.0 0.0 0.0 0.0 0.0 0.0 0.0 0.0 0.0 0.0 0.0 0.0 0.0 0.0
21 0.0 0.0 0.0 0.0 0.0 0.0 0.0 0.0 0.0 0.0 0.0 0.0 0.0 0.0 0.0 0.0 0.0 0.0 0.0 0.0 0.0 0.0 0.0 0.0 0.0 0.0 0.0 0.0 0.0 0.0 0.0 0.0 0.7 0.0 0.0 0.0
22 0.0 0.0 0.3 0.0 0.0 0.0 0.0 0.0 0.0 0.0 0.0 0.0 0.0 0.3 0.3 0.3 0.2 0.3 0.3 0.0 0.0 0.0 0.0 0.0 0.3 0.3 3.3 10.0 0.3 19.6 100.0 65.1 56.6 0.0 0.0 0.3
23 0.0 0.0 0.0 0.0 0.0 0.0 0.0 0.0 0.0 0.0 0.0 0.0 0.0 0.0 0.0 0.0 0.0 0.0 0.0 0.0 0.0 0.0 0.0 0.0 0.0 0.0 0.0 0.0 0.0 16.8 0.0 31.4 34.9 0.0 0.0 0.0
24 0.0 0.0 0.0 0.0 0.0 0.0 0.0 0.0 0.0 0.0 0.0 0.0 0.0 0.0 0.0 0.0 0.0 0.0 0.0 0.0 0.0 0.0 0.0 0.0 0.0 0.0 0.0 0.0 0.0 0.0 0.0 0.0 0.0 0.0 0.0 0.0
25 0.0 0.0 0.0 0.0 0.0 0.0 0.0 0.0 0.0 0.0 0.0 0.0 0.0 0.0 0.0 0.0 0.0 0.0 0.0 0.0 0.0 0.0 0.0 0.0 0.0 0.0 0.0 0.0 0.0 0.0 0.0 0.0 0.0 0.0 0.0 0.0
26 0.0 0.0 0.0 0.0 0.0 0.0 0.0 0.0 0.0 0.0 0.0 0.0 0.0 0.0 0.0 0.0 0.0 0.0 0.0 0.0 0.0 0.0 0.0 0.0 0.0 0.0 0.0 0.0 0.0 0.0 0.0 0.0 0.0 0.0 0.0 0.0
27 0.0 0.0 0.1 0.0 0.0 0.0 0.0 0.0 0.0 0.0 0.0 0.0 0.0 0.1 0.1 0.1 0.0 0.1 0.1 0.0 0.0 0.0 0.0 0.0 0.1 0.1 0.1 0.1 0.1 65.8 0.0 0.0 0.0 0.0 0.0 0.1
28 0.0 0.0 0.0 0.0 0.0 0.0 0.0 0.0 0.0 0.0 0.0 0.0 0.0 0.0 0.0 0.0 0.0 0.0 0.0 0.0 0.0 0.0 0.0 0.0 0.0 0.0 0.0 0.0 0.0 0.0 0.0 0.0 0.0 0.0 0.0 0.0
29 0.0 0.0 0.0 0.0 0.0 0.0 0.0 0.0 0.0 0.0 0.0 0.0 0.0 0.0 0.0 0.0 0.0 0.0 0.0 0.0 0.0 0.0 0.0 0.0 0.0 0.0 0.0 0.0 0.0 0.0 0.0 0.0 0.0 0.0 0.0 0.0
30 0.0 0.0 0.0 0.0 0.0 0.0 0.0 0.0 0.0 0.0 0.0 0.0 0.0 0.0 0.0 0.0 0.0 0.0 0.0 0.0 0.0 0.0 0.0 0.0 0.0 0.0 0.0 0.0 0.0 0.0 0.0 0.0 0.0 0.0 0.0 0.0
31 0.0 0.0 0.0 0.0 0.0 0.0 0.0 0.0 0.0 0.0 0.0 0.0 0.0 0.0 0.0 0.0 0.0 0.0 0.0 0.0 0.0 0.0 0.0 0.0 0.0 0.0 0.0 0.0 0.0 0.0 0.0 16.9 0.0 0.0 0.0 0.0 0.0
32 0.0 0.0 0.0 0.0 0.0 0.0 0.0 0.0 0.0 0.0 0.0 0.0 0.0 0.0 0.0 0.0 0.0 0.0 0.0 0.0 0.0 0.0 0.0 0.0 0.0 0.0 0.0 0.0 0.0 0.0 0.0 0.0 0.0 0.0 0.0 0.0
33 0.0 0.0 0.0 0.0 0.0 0.0 0.0 0.0 0.0 0.0 0.0 0.0 0.0 0.0 0.0 0.0 0.0 0.0 0.0 0.0 0.0 0.0 0.0 0.0 0.0 0.0 0.0 0.0 0.0 0.0 0.0 0.0 0.0 0.0 0.0 0.0
34 0.0 9.7 6.8 0.0 100.0 100.0 39.3 8.1 16.3 10.8 5.2 5.2 5.2 6.8 6.8 6.8 4.6 6.8 6.7 8.1 8.1 7.3 8.1 8.1 6.8 6.7 6.9 6.9 6.8 7.2 7.3 7.6 7.6 0.0 9.7 6.8
35 0.0 100.0 70.3 0.0 0.0 0.0 26.4 51.9 57.6 53.7 38.6 39.0 39.1 70.3 70.3 70.3 46.8 70.3 67.4 51.9 51.9 52.4 63.1 51.9 70.3 67.3 69.7 68.5 70.3 65.6 52.4 56.4 57.3 0.0 7.6 70.3
36 0.0 0.0 100.0 0.0 0.0 0.0 0.0 0.0 0.0 0.0 0.0 0.0 0.0 100.0 100.0 100.0 66.7 100.0 90.9 0.0 0.0 0.0 0.0 0.0 100.0 90.6 97.0 90.2 100.0 63.8 0.0 3.5 7.2 0.0 0.0 44.1